Input the sequence[1 2 3 4]
Input the length(N)4
DFT is:
dft_X =

   10.0000 +  0.0000i
   -2.0000 +  2.0000i
   -2.0000 -  0.0000i
   -2.0000 -  2.0000i

IDFT is:
idft_X =

   1.0000 - 0.0000i
   2.0000 - 0.0000i
   3.0000 - 0.0000i
   4.0000 + 0.0000i

