c =  12
a =

   1   2   3
   4   5   6
   7   8   9

ans =  2
ans =

   1   2   3

ans =

   1
   4
   7

ans =

   1   2
   4   5

c =

    2    3    8
   12    9   11
    6    6    2

c =

   0   1   0
  -2   3   3
  -2   2   0

c =

   31   15   16
   75   37   51
   34   16   25

c =

    1    2   16
   35   18   28
    8    8    1

c =

   1   5   2
   2   6   4
   4   7   1

c =

   19   30   22
   49   74   69
   24   32   37

c =

    1    4   16
   25   36   49
    4   16    1

a =

Diagonal Matrix

   1   0   0
   0   1   0
   0   0   1

a =

   1
   1

a =

   3   3   3
   3   3   3

>>
